1|3|../../../../Resources/Images/TourImages/rtrk.jpeg
2|4|../../../../Resources/Images/TourImages/majmun.jpg
3|10|../../../../Resources/Images/TourImages/vanzemljoc.png
4|11|../../../../Resources/Images/TourImages/sarajevo1.jpeg
5|12|../../../../Resources/Images/TourImages/noviSad1.jpg
6|13|../../../../Resources/Images/TourImages/kengur-Australija.jpg
